68,550
-61,622
52,476
-43,866
-32,648
-20,160
25,946
-31,789
-20,703
-16,309
-17,828
-15,770
-10,677
-31,172
-19,263
-14,257
-3,439
0,155
15,340
38,001
57,816
52,855
26,117
81,947
88,339
101,113
113,218
121,716
130,187
138,735
143,547
149,737
153,486
158,204
160,708
157,343
132,991
145,429
147,469
-156,218
-173,457
190,665
188,646
195,595
204,015
211,552
225,489
224,886
30,414
47,590
50,645
46,272
54,344
81,090
89,783
84,939
86,157
-100,551
107,486
111,177
133,307
131,427
140,298
140,006
141,846
148,389
149,038
153,665
169,477
170,524
167,862
177,912
204,396
206,659
-216,716
-226,372
227,945
247,194
-22,573
-16,033
-17,687
27,967
-23,744
-18,171
-11,731
1,019
-0,995
14,172
14,908
13,772
6,998
11,329
31,013
35,705
39,045
42,525
43,423
44,818
44,544
49,714
49,812
58,236
63,986
66,710
69,630
63,570
-67,020
72,703
57,769
-75,309
-81,038
77,521
61,182
84,505
-93,474
106,222
104,881
-86,458
-94,596
-82,323
-74,230
292,836
91,556
86,381
-67,475
-122,849
-45,706
-32,218
-35,169
-28,779
-18,435
-3,882
-2,673
166,409
171,221
181,028
191,335
186,920
194,276
-202,783
203,924
213,446
-210,386
214,484
209,580
210,423
209,624
100,000
226,098
-218,750
218,209
-231,420
237,728
246,412
246,376
219,884
-253,378
-252,154
312,112
265,877
278,490
276,707
287,550
-56,061
-50,315
-40,837
-33,145
36,448
-33,007
-17,208
-28,242
-31,022
-27,807
-18,925
12,950
-14,315
-7,350
0,129
-2,106
3,276
-23,798
20,538
13,151
28,347
20,514
16,058
20,700
28,128
33,833
30,423
-33,914
24,521
20,578
25,160
-40,951
37,860
38,615
37,917
31,508
57,312
60,592
70,975
61,649
62,165
73,183
-75,349
-84,614
89,707
82,999
87,310
95,787
93,691
-85,634
92,667
97,747
-103,583
107,961
105,384
116,479
108,983
113,342
114,351
121,136
124,693
-130,549
131,446
137,411
137,238
146,438
143,231
141,969
127,725
151,611
152,768
-122,320
-120,808
149,127
153,210
155,705
-100,000
170,128
-102,438
178,736
169,955
180,145
184,689
-192,560
-83,172
-80,213
-81,674
81,503
-70,410
-68,749
-67,149
-56,106
-47,664
12,870
-28,155
-22,591
30,621
-36,078
-14,662
-16,905
-10,793
-14,445
-16,023
-10,540
-0,502
-6,828
-3,595
20,028
-6,631
2,701
4,370
20,810
9,589
11,737
8,051
10,028
11,748
6,872
2,227
3,921
3,071
-9,383
-12,686
-8,113
-7,431
-4,135
12,566
25,505
26,119
-175,188
35,120
31,158
26,282
27,605
-32,725
37,773
-180,036
-179,561
23,904
35,649
-42,189
171,267
-154,026
150,619
51,318
-152,576
-139,793
-129,169
-124,199
-122,658
-117,738
-127,053
-120,034
-115,283
100,177
-112,543
112,373
-110,540
-116,095
114,362
104,393
-94,605
-93,463
-100,912
-97,546
-86,330
-82,423
-73,056
74,358
-71,149
-67,956
-65,720
-80,335
84,538
-78,166
-71,047
107,755
98,268
-67,093
-52,073
-48,998
-42,935
-19,289
-25,699
-32,519
-32,549
-27,708
-157,500
154,516
24,454
-34,464
-43,410
-37,085
143,101
142,334
144,249
-28,546
157,571
162,466
-15,803
12,838
2,699
-2,241
4,884
-0,813
11,128
8,594
12,582
186,530
6,675
10,370
-173,761
198,282
212,561
226,976
222,613
224,251
214,352
214,142
220,718
227,355
-36,784
35,543
-49,611
-49,066
-40,318
-42,759
-39,000
-34,111
-42,351
-61,291
-66,035
-82,677
-64,173
224,286
230,814
234,573
100,000
235,400
246,293
264,685
-0,872
4,525
17,082
28,609
31,250
34,096
50,855
45,559
37,688
51,209
54,056
61,099
69,540
82,210
90,518
78,997
87,843
81,474
91,842
99,234
103,223
105,637
-109,160
108,244
105,264
103,612
116,037
122,087
-123,733
118,211
128,714
137,618
132,090
121,521
135,252
140,799
149,305
146,094
132,106
0,000
157,201
165,715
-170,881
153,140
160,437
153,685
164,891
-180,346
185,523
182,090
173,662
190,664
187,132
208,700
209,323
209,638
214,122
222,204
223,210
228,383
228,428
227,350
231,985
234,888
225,801
232,213
238,882
243,573
244,386
241,901
-242,658
246,473
255,674
249,972
252,654
250,606
279,970
259,406
264,762
267,957
276,437
278,451
273,145
-277,717
280,455
273,221
297,434
284,805
296,368
301,836
301,273
311,374
322,485
311,995
313,339
313,356
296,499
309,782
319,016
322,592
326,120
327,721
322,355
345,528
348,234
346,423
327,246
347,366
363,174
355,936
344,265
361,971
369,090
383,068
376,098
378,599
376,896
68,018
68,450
61,544
380,699
-416,857
75,522
74,885
84,658
382,606
74,171
82,189
88,960
92,893
80,087
96,702
86,548
99,318
87,861
88,524
96,422
104,765
103,423
111,292
112,331
117,214
122,030
135,644
134,332
133,896
141,173
-133,991
134,599
135,814
132,166
131,645
138,793
133,270
135,139
139,999
162,558
165,681
-174,649
170,831
163,045
180,620
174,330
184,307
189,074
184,563
182,224
274,230
-317,763
205,291
207,613
206,813
212,464
216,945
224,892
226,741
191,963
190,983
199,528
201,301
208,066
-210,081
208,171
212,840
209,089
211,085
206,622
194,051
195,265
204,375
185,291
281,306
285,780
211,780
210,861
185,180
185,148
189,309
215,122
208,262
199,794
221,648
203,340
209,620
213,469
206,957
206,297
212,575
219,616
223,167
219,530
317,985
319,217
313,981
321,148
318,476
322,176
254,463
254,690
252,994
251,469
330,894
332,791
355,535
354,023
348,595
350,754
356,979
-358,866
353,925
268,697
280,709
352,668
-260,626
354,347
348,310
341,441
342,398
-344,850
348,309
293,185
279,817
276,966
336,663
342,099
361,157
374,591
372,149
364,856
364,822
372,036
380,513
375,865
-415,571
416,640
389,268
388,680
392,519
-396,326
404,755
394,111
423,945
400,748
398,619
399,703
403,252
406,465
401,781
412,903
420,901
424,218
434,371
177,137
-187,213
181,104
185,417
186,648
4,207
194,704
201,018
220,233
-100,000
213,877
215,988
215,566
212,259
221,085
230,916
228,224
220,040
226,164
229,584
242,548
244,767
267,959
276,354
260,990
264,074
257,557
267,491
268,150
-263,847
258,638
267,208
260,074
260,813
256,395
251,199
246,072
233,609
230,588
191,913
187,820
163,779
153,487
140,533
127,047
131,231
132,844
-123,436
123,895
124,491
135,234
130,400
139,565
128,950
117,287
-122,222
127,224
118,983
108,243
108,506
108,466
88,542
87,418
90,245
87,727
-82,663
88,341
-78,941
75,354
342,298
326,953
328,506
38,393
38,607
34,209
311,048
311,210
316,925
-318,839
319,800
-327,929
322,663
303,602
275,326
280,059
297,976
306,091
-321,799
319,963
309,332
314,819
318,042
322,204
322,177
335,617
335,529
334,292
337,264
-341,763
343,275
339,964
330,487
325,219
355,803
-328,079
353,102
355,660
56,672
67,923
68,615
79,168
83,952
86,874
96,740
79,479
83,769
76,476
82,142
91,133
99,705
88,128
88,103
77,245
-90,145
97,444
97,354
108,739
111,314
112,484
113,339
109,312
100,405
105,146
93,727
101,400
100,013
102,079
108,486
79,203
94,005
108,470
112,412
98,772
101,795
106,551
106,832
106,761
98,938
99,023
108,167
114,680
124,887
131,304
134,332
136,363
132,674
132,956
123,324
147,022
153,165
142,235
153,166
143,608
143,678
143,168
153,803
150,089
168,044
173,724
182,273
194,450
196,130
197,054
200,605
211,109
219,115
218,420
222,853
228,598
235,251
227,127
243,968
243,894
241,150
254,404
225,859
242,141
240,298
245,242
244,170
247,602
244,384
254,873
-253,589
228,690
239,603
237,811
227,632
240,289
236,724
235,571
245,509
244,371
491,553
495,792
247,894
253,325
211,480
218,857
223,763
217,668
460,611
197,872
203,573
201,374
442,800
433,668
-185,488
163,355
157,739
137,242
136,114
152,063
-155,112
158,012
155,137
405,728
-407,537
415,364
148,932
-184,216
429,781
441,130
199,287
208,840
470,576
235,193
221,494
215,409
519,559
475,025
475,444
-466,788
474,005
499,239
503,081
496,310
245,220
312,993
316,198
-315,176
311,960
310,947
322,287
338,132
-327,306
334,683
337,521
340,062
357,497
354,522
-355,681
355,290
348,808
343,911
353,362
-353,727
349,912
364,761
372,492
385,991
387,313
384,451
386,618
411,831
422,019
406,380
403,510
407,984
409,823
412,563
413,151
-424,989
433,292
421,909
430,213
435,442
423,771
388,723
393,508
404,143
407,104
414,637
423,332
423,079
391,209
391,214
397,638
378,302
383,095
-385,888
380,747
378,412
364,818
-371,431
383,533
388,402
391,272
388,024
399,317
-397,851
401,706
400,463
-405,236
408,720
408,050
-414,246
-408,546
414,783
420,916
415,289
427,796
425,505
434,271
434,775
426,896
427,953
427,570
425,452
-424,416
-436,101
442,924
451,965
-463,400
473,829
471,655
472,631
481,360
486,803
-468,099
213,641
219,848
216,668
-228,985
233,190
237,243
222,071
218,118
232,321
232,449
237,635
-240,883
210,009
196,272
199,675
-490,127
205,909
208,452
198,290
202,159
207,655
-208,348
216,553
220,272
-185,420
188,731
202,183
209,393
464,082
202,125
211,977
226,941
231,998
233,018
230,127
232,005
221,228
222,038
229,961
-235,657
242,926
237,753
243,960
254,412
264,099
264,375
264,214
272,599
272,895
269,342
-262,173
264,192
268,781
266,608
260,176
246,056
238,693
231,005
230,125
235,986
234,533
239,158
-235,745
234,649
-246,567
246,657
247,755
249,664
247,497
-258,964
-268,962
258,165
257,150
253,287
254,809
258,340
255,003
265,059
-290,239
271,536
290,501
301,416
291,555
287,422
279,257
291,063
-293,825
289,181
298,683
-299,170
293,690
289,728
284,068
-289,420
295,833
302,980
311,688
-306,841
314,612
300,615
284,783
284,031
267,974
267,858
279,239
269,190
269,169
259,848
256,085
357,339
348,374
258,733
234,135
235,135
-8,629
341,805
-340,748
-5,240
235,721
220,196
231,003
228,686
235,896
323,053
316,641
222,272
319,298
259,406
-275,719
287,247
209,031
298,109
209,948
213,066
204,953
213,186
195,508
196,267
312,059
306,439
304,347
301,942
209,301
213,375
215,879
220,171
222,034
