60,936
60,876
54,905
48,423
35,894
-15,832
-19,848
28,598
20,132
17,905
-16,563
23,278
11,406
25,818
22,365
17,919
-8,168
-21,831
-11,018
-34,116
-59,176
-51,682
-63,952
-78,189
-85,159
-97,658
-108,515
-120,550
-128,261
-133,643
-141,657
-146,793
148,933
-150,955
-157,900
-162,742
-138,158
-140,652
-145,096
150,486
-171,075
-190,586
-189,833
-189,991
-202,341
-209,211
-222,935
228,507
-230,751
-27,539
-51,377
-49,844
49,706
-77,897
-83,764
-87,018
-84,195
98,505
102,462
-109,835
132,203
-133,433
-135,630
-139,801
-142,022
-147,257
-151,444
150,225
-168,111
-300,000
-170,897
-180,105
-192,666
-204,917
-213,304
-224,065
-239,421
-248,303
-3,925
19,543
-17,044
-19,767
23,929
23,764
13,403
-277,954
3,547
-9,999
-12,542
-12,429
-8,398
-7,862
-28,907
-33,995
-40,926
-41,741
-41,969
-42,400
-44,145
-48,394
-49,351
57,358
-62,116
-63,783
-70,151
68,715
-66,521
67,866
54,319
-73,398
-81,710
-79,983
-60,351
73,358
-87,337
-109,334
-107,738
-85,278
87,889
82,152
72,684
-287,545
88,576
86,619
64,818
-95,241
-100,000
-120,107
35,440
28,225
26,306
11,421
2,038
-9,827
-172,205
-181,678
-190,006
184,510
-190,572
-201,348
-199,765
208,676
-212,944
-215,762
-210,868
-207,037
206,614
212,255
224,400
-221,153
-216,263
233,262
237,129
246,174
-247,179
-241,243
-251,316
-253,082
-262,338
-262,983
271,562
-275,411
-286,656
62,796
51,101
45,221
-42,080
36,059
32,180
19,255
30,048
27,674
26,011
-21,116
16,357
11,191
8,809
-0,369
1,289
-2,201
13,938
-20,372
-18,114
-24,570
25,690
20,182
-17,930
-22,488
26,175
-32,033
-31,102
-32,931
20,894
-21,913
-38,398
-31,258
41,741
41,462
-6,149
-53,197
74,103
-68,745
-63,274
-63,488
-65,742
72,534
-79,010
-90,122
88,681
-85,307
94,429
90,949
-84,512
-91,861
-92,627
98,078
108,384
106,067
-112,901
111,440
119,130
-115,441
-121,726
122,056
-130,444
-129,640
-138,344
-129,172
-142,637
144,509
-142,342
-141,089
-147,666
-153,041
-155,542
119,737
-144,305
-149,563
-158,509
-161,205
166,263
100,303
-178,564
-174,749
-180,151
-180,744
186,682
-192,207
-81,610
81,444
81,665
70,289
69,281
-68,347
59,425
47,073
-42,206
32,179
-19,275
27,691
33,222
18,019
-18,999
-12,389
8,860
-14,383
100,000
6,136
7,704
14,053
13,988
10,804
-0,952
-5,330
6,024
-9,859
-10,696
-6,798
-5,423
-12,221
-10,764
100,000
2,682
1,651
7,312
11,551
10,615
10,738
3,820
3,840
-25,602
-31,285
173,247
-37,288
34,960
-27,391
-29,709
28,674
-35,228
-100,000
176,475
22,258
-28,843
-44,434
-168,996
-158,002
150,138
-51,252
150,459
-140,975
133,646
126,005
-121,892
-121,647
123,383
127,674
-118,322
117,108
-112,823
116,393
111,483
115,927
-116,592
104,921
-92,682
-97,075
93,762
-100,061
-99,239
-83,471
75,631
76,310
70,672
-66,823
69,752
-77,341
84,202
77,596
73,732
106,517
98,767
68,046
-53,691
54,218
47,112
-16,978
26,069
31,604
30,047
27,779
-23,370
155,794
-153,073
28,829
38,266
-38,343
-145,030
-143,095
146,315
-34,348
-154,927
-164,260
-15,927
12,984
10,303
2,315
-5,010
-2,746
-9,698
-7,311
-10,383
-191,907
6,234
8,823
20,327
197,845
-209,587
-222,640
223,695
-220,459
-222,211
215,523
-220,047
223,899
41,625
38,429
48,358
-51,922
-42,951
39,347
-37,991
-35,765
-40,617
-61,014
-65,977
-65,985
117,393
-217,684
220,399
-236,855
228,325
-235,247
-245,935
-261,923
-2,073
-3,626
-15,191
-25,735
-30,868
-30,825
-44,656
43,621
37,777
48,066
54,053
-62,998
-67,840
-78,198
-77,271
-82,168
-88,053
79,819
-88,814
-95,660
104,176
-172,779
-107,221
106,396
-108,175
-106,722
-113,064
-117,240
-112,439
-117,912
-127,590
133,989
-133,313
123,073
138,417
-129,548
-143,806
147,889
-151,818
-158,284
156,036
-160,138
168,285
154,784
-158,899
154,894
162,778
-175,496
-183,679
-177,786
-183,114
-184,888
-198,061
-205,078
-208,294
204,680
212,338
-218,337
-223,957
-227,944
-231,864
-226,677
-228,035
235,363
-229,764
-233,744
234,650
-243,944
244,252
-243,704
-240,559
-243,479
-257,869
-256,426
-253,893
-244,412
-250,905
-259,330
-263,100
-265,753
-272,658
-278,527
-274,580
-279,555
-276,261
274,302
-294,705
-283,466
-293,741
301,073
-299,712
-309,477
312,247
-308,690
314,387
313,483
-296,523
305,926
-315,282
321,395
325,556
-328,048
-323,921
341,585
347,791
-344,631
-345,113
-346,171
-360,868
-360,044
-341,078
-360,678
-367,814
-375,849
-373,755
376,161
-377,617
-65,674
-72,010
-64,936
-378,195
-377,984
-71,914
70,557
-83,137
-384,196
-77,032
-80,608
-87,378
-92,273
79,658
78,898
-84,211
-92,464
76,561
-87,177
94,795
-103,968
-77,344
-108,688
-112,998
-116,617
119,210
-130,181
80,010
-131,093
-141,357
138,978
-137,282
-137,275
-134,554
-133,441
-138,151
-134,816
132,305
-134,385
-161,361
-163,655
-176,006
173,973
-165,939
169,957
-170,345
178,816
-187,661
-182,466
-186,671
-186,285
-279,697
203,293
-205,890
-207,560
212,196
-179,399
-223,277
-181,434
193,081
-194,141
-199,973
-198,634
203,918
-209,582
179,058
-210,200
-205,327
-209,672
207,207
-197,930
-190,460
-201,625
186,803
191,108
-283,521
-297,642
-210,855
-186,622
-187,593
-187,373
-203,312
-209,957
200,961
195,966
-201,923
-209,615
-211,372
-211,536
-202,814
-213,583
-219,918
222,811
-223,863
-317,623
-318,296
-301,504
277,342
-318,629
-324,750
-252,373
-255,323
-253,499
-248,567
-331,038
-334,772
-351,560
-355,836
-364,012
-351,563
356,896
-361,869
355,537
-265,846
-267,600
-347,799
-262,078
352,374
-347,984
-341,307
-342,951
-347,734
-348,051
274,691
-277,013
-275,074
-347,746
285,778
-357,374
-383,906
-374,322
-364,324
-367,152
375,095
-416,900
-374,799
-379,119
-377,343
-387,632
-391,935
-390,746
-391,100
-397,750
391,488
500,000
-402,191
-397,378
397,388
-406,015
-398,223
-402,915
-409,624
-412,802
500,000
-412,646
164,135
-164,088
-183,663
-176,295
-184,543
-185,187
174,672
-192,339
-200,715
177,632
-209,800
-178,069
-208,946
-206,030
-217,641
211,722
209,823
178,652
-223,559
230,438
-242,858
-243,819
264,502
268,168
259,168
-261,436
-257,402
-273,532
-267,749
265,819
-400,000
258,303
-258,808
-400,000
-260,196
256,371
-227,292
-300,000
-233,035
-193,743
-189,722
-160,124
-154,870
147,175
128,688
-132,699
-132,862
-124,288
-123,673
-123,808
-134,969
-133,237
140,856
-132,525
-114,553
119,525
-120,497
-122,543
109,881
104,190
114,795
-87,334
-86,343
-87,343
-83,805
-85,056
-86,901
-76,107
74,099
-347,911
347,584
-327,926
45,334
17,859
35,458
-311,255
-400,000
278,264
-317,721
319,694
-330,815
-327,303
-299,103
-284,721
277,735
-294,961
-305,172
-316,314
-281,639
310,965
-315,477
-320,426
-321,764
-322,524
-334,262
281,766
-337,781
-331,576
-338,460
-346,087
344,484
338,755
-323,172
-352,873
-354,631
352,378
357,261
62,044
63,045
68,755
-76,324
-82,190
-87,847
-85,930
-83,408
80,171
-83,702
-81,193
-88,356
-96,099
91,689
87,977
-70,798
-86,203
-93,130
-95,310
-104,478
-111,081
-109,329
-114,014
-109,235
-107,463
-102,177
-94,780
-103,603
-101,155
-76,262
-109,832
-78,660
88,175
-102,444
-113,278
95,379
-120,377
-103,706
-105,247
-104,904
-98,094
-101,345
-107,683
111,401
-124,290
-129,296
-130,983
-136,728
-133,180
-131,417
-124,832
-144,415
-152,391
-143,666
-163,230
-145,803
143,952
143,757
-151,777
-151,712
-163,078
-173,469
180,342
188,737
-198,478
-199,496
-198,974
-210,559
-215,045
178,109
-220,348
-226,308
-233,263
-223,822
-228,310
-243,331
-248,184
248,547
-244,177
-240,435
-240,359
-245,729
-244,951
-248,039
247,201
-254,434
-255,667
-232,500
-234,375
238,820
-238,528
-240,249
-238,778
-232,862
-251,240
-241,693
-495,370
-496,944
-494,855
-254,094
-220,626
-218,106
-222,111
219,462
-456,979
202,855
203,457
-200,556
442,189
-435,363
-159,215
162,861
-158,065
-145,359
-137,247
-154,761
-154,588
154,768
-156,707
-402,274
-408,237
-414,449
-420,539
-181,798
186,913
436,421
-443,979
-206,249
-464,919
-471,386
-235,806
-213,417
574,295
-475,226
-476,861
-473,791
468,989
-496,833
-497,823
-494,186
-501,810
-308,870
-317,329
-312,921
-311,801
310,647
-320,173
339,797
-326,110
-330,834
-333,575
341,399
357,972
-355,080
-355,844
357,560
-352,394
-341,673
-351,859
-352,262
-350,882
-363,289
-369,855
-386,561
-384,148
-376,075
-386,558
-402,603
-418,693
-411,692
-404,405
-411,416
-407,962
-410,621
-411,849
-422,203
-429,402
-427,412
-429,918
-435,208
-431,034
-403,320
-394,222
-400,449
-408,487
-408,618
-422,233
-424,163
-406,986
-384,043
-386,805
377,176
-384,131
-385,556
-378,861
-380,422
-373,500
367,202
-379,847
-390,979
-390,171
-384,330
-399,347
-401,998
403,377
392,118
-404,423
-413,365
-406,176
-413,707
411,301
-415,825
-420,549
-414,342
-421,327
-427,274
-430,790
-435,166
-425,615
-428,059
-432,373
-427,823
-419,658
-430,289
442,357
473,541
-458,865
-468,439
-194,027
-471,455
-478,537
488,812
-490,301
-218,365
-215,683
-218,370
-227,623
-234,464
-236,699
-208,164
-224,098
-234,433
233,048
-236,213
-240,115
-216,505
208,582
-200,256
-487,578
-486,743
-207,750
-193,839
-200,755
207,426
208,543
-212,896
-220,451
187,707
-188,360
199,177
-202,469
469,531
-199,295
212,775
-220,992
-227,852
-234,402
273,581
235,149
300,000
-220,922
-229,410
-236,852
-239,963
234,515
241,990
-252,437
-261,903
264,176
-260,286
-270,441
-274,899
267,250
-261,083
-263,901
-277,539
262,744
-259,752
-246,192
-238,442
-231,628
-230,378
236,777
238,513
-241,921
-231,619
236,893
-245,384
-247,036
-246,361
-248,296
-246,711
-258,716
-267,460
-258,640
-259,536
-254,553
-252,187
-252,655
-256,320
-267,148
-266,874
-272,603
-289,147
292,651
-291,762
-290,012
-284,911
-285,276
291,085
294,835
-295,830
292,795
295,363
-291,172
-288,863
287,788
294,355
-301,401
-308,674
310,969
312,898
297,956
281,450
-270,957
-266,498
-267,184
-274,835
-274,735
-273,228
-264,746
-257,915
-355,198
-350,245
-349,016
240,501
-233,033
-216,148
-250,628
-343,530
-246,548
-237,803
-225,148
-232,261
-229,812
235,391
-319,658
308,919
-219,815
-320,446
-264,454
-273,236
-281,067
204,060
299,111
-211,127
-211,283
-206,247
-215,226
-278,653
-200,869
-306,517
-311,365
277,581
219,349
298,448
-209,312
-214,285
-218,060
221,976
